37.877305 -122.257091 37.876419 -122.256932 37.875485 -122.256499 37.87132 -122.252506 37.86872 -122.25197 37.86795 -122.251637 37.86684 -122.251573 37.86601 -122.250961 696969
37.877139 -122.258579 37.876199 -122.258418 37.875479 -122.258235 696969
37.876046 -122.259469 37.875293 -122.259351 696969
37.876885 -122.260402 37.876114 -122.260241 37.875208 -122.260059 696969
37.876275 -122.262323 37.874962 -122.262087 696969
37.874005 -122.266485 37.873438 -122.266389 37.872523 -122.266292 37.870669 -122.266078 37.870194 -122.266035 37.869737 -122.26596 37.868771 -122.266421 37.867933 -122.266131 37.867035 -122.26596 37.866112 -122.265756 37.865256 -122.265616 37.864316 -122.265423 696969
37.873785 -122.268395 37.873175 -122.268352 37.872312 -122.268299 37.87138 -122.267537 37.870474 -122.267601 37.869517 -122.267751 37.86861 -122.267709 37.867721 -122.267601 37.86684 -122.267494 37.865934 -122.267397 37.865036 -122.267301 37.86413 -122.267172 696969
37.866142 -122.264431 37.865388 -122.264259 696969
37.868039 -122.26359 37.867158 -122.263439 37.866286 -122.263257 37.865346 -122.263042 37.864439 -122.262882 696969
37.868335 -122.261326 37.867429 -122.261111 37.866557 -122.26095 37.865659 -122.260779 37.864753 -122.260628 696969
37.868657 -122.259019 37.867726 -122.258837 37.866836 -122.258644 37.865947 -122.258483 37.865032 -122.258311 696969
37.86892 -122.25683 37.868039 -122.256605 37.867175 -122.256433 37.866243 -122.25624 37.86554 -122.256069 696969
37.869216 -122.254492 37.868251 -122.254309 37.867438 -122.254127 37.866413 -122.253923 37.865591 -122.253783 696969
37.869191 -122.250977 37.867887 -122.250709 37.866015 -122.250387 696969
37.869191 -122.250977 37.87132 -122.252506 37.869216 -122.254492 37.86892 -122.25683 7.868657 -122.259019 37.868335 -122.261326 37.868039 -122.26359 37.874005 -122.266485 37.867933 -122.266131 37.867721 -122.267601 696969
37.86872 -122.25197 37.868251 -122.254309 37.868039 -122.256605 37.867726 -122.258837 37.867429 -122.261111 37.867158 -122.263439 37.867035 -122.26596 37.86684 -122.267494 696969
37.867887 -122.250709 37.86795 -122.251637 37.867438 -122.254127 37.867175 -122.256433 37.866836 -122.258644 37.866557 -122.26095 37.866286 -122.263257 37.866142 -122.264431 37.866112 -122.265756 37.865934 -122.267397 696969
37.86684 -122.251573 37.866413 -122.253923 37.866243 -122.25624 37.865947 -122.258483 37.865659 -122.260779 37.865346 -122.263042 37.865388 -122.264259 37.865256 -122.265616 37.865036 -122.267301 696969
37.866015 -122.250387 37.86601 -122.250961 37.865591 -122.253783 37.86554 -122.256069 37.865032 -122.258311 37.864753 -122.260628 37.864439 -122.262882 37.864316 -122.265423 37.865388 -122.264259 696969
37.877305 -122.257091 37.877139 -122.258579 37.876885 -122.260402 37.876275 -122.262323 696969
37.876419 -122.256932 37.876199 -122.258418 37.876046 -122.259469 37.876114 -122.260241 37.876275 -122.262323 696969
37.875485 -122.256499 37.875479 -122.258235 37.875293 -122.259351 37.875208 -122.260059 37.874962 -122.262087 37.874005 -122.266485 37.873785 -122.268395 696969
37.873438 -122.266389 37.873175 -122.268352 696969
37.872523 -122.266292 37.872312 -122.268299 696969
37.871532 -122.266164 37.87138 -122.267537 696969
37.870669 -122.266078 37.870474 -122.267601 696969
37.869737 -122.26596 37.869517 -122.267751 696969
37.868771 -122.266421 37.86861 -122.267709 696969
